Frame 0
0.958793
0.140057
-0.247186
-0.111261
0.985654
0.126914
0.261415
-0.094182
0.960620

2.783504
-1.645968
-0.779711

Frame 1
0.959459
0.138272
-0.245601
-0.109611
0.985850
0.126826
0.259662
-0.094764
0.961039

2.789706
-1.675087
-0.879600

Frame 2
0.960623
0.135128
-0.242785
-0.107468
0.986467
0.123827
0.256232
-0.092859
0.962145

2.718222
-1.605744
-0.867842

Frame 3
0.961857
0.131787
-0.239717
-0.105125
0.987089
0.120850
0.252548
-0.091040
0.963292

2.639186
-1.539229
-0.919535

Frame 4
0.962833
0.131200
-0.236091
-0.104500
0.986976
0.122304
0.249063
-0.093086
0.964004

2.547030
-1.619577
-1.008250

Frame 5
0.963961
0.128548
-0.232926
-0.102562
0.987404
0.120478
0.245479
-0.092247
0.965003

2.486430
-1.585762
-1.046910

Frame 6
0.965293
0.125309
-0.229144
-0.100106
0.987891
0.118530
0.241223
-0.091478
0.966149

2.416985
-1.553511
-1.086635

Frame 7
0.966580
0.124712
-0.223987
-0.099804
0.987827
0.119317
0.236141
-0.092975
0.967261

2.314770
-1.602438
-1.148940

Frame 8
0.968003
0.121954
-0.219312
-0.097909
0.988248
0.117387
0.231051
-0.092158
0.968567

2.204875
-1.585266
-1.203458

Frame 9
0.969437
0.119453
-0.214295
-0.096348
0.988655
0.115236
0.225629
-0.091067
0.969948

2.101057
-1.567224
-1.288396

Frame 10
0.970470
0.116858
-0.211025
-0.094402
0.989037
0.113551
0.221981
-0.090276
0.970863

2.054886
-1.542125
-1.354386

Frame 11
0.971701
0.115274
-0.206176
-0.093539
0.989267
0.112258
0.216903
-0.089795
0.972054

1.947657
-1.539366
-1.399274

Frame 12
0.972984
0.112762
-0.201463
-0.091602
0.989538
0.111463
0.211924
-0.089997
0.973134

1.837861
-1.554979
-1.492685

Frame 13
0.974223
0.109516
-0.197218
-0.089138
0.989991
0.109419
0.207227
-0.089019
0.974234

1.748316
-1.526222
-1.592150

Frame 14
0.975383
0.107464
-0.192562
-0.087631
0.990201
0.108730
0.202360
-0.089179
0.975242

1.656513
-1.536252
-1.662683

Frame 15
0.976660
0.104674
-0.187558
-0.085618
0.990567
0.106987
0.196987
-0.088432
0.976410

1.540914
-1.516297
-1.730126

Frame 16
0.977891
0.100672
-0.183287
-0.082254
0.991014
0.105476
0.192259
-0.088068
0.977385

1.439280
-1.504107
-1.866075

Frame 17
0.979156
0.096476
-0.178736
-0.078804
0.991505
0.103479
0.187200
-0.087237
0.978440

1.319044
-1.475267
-1.970296

Frame 18
0.980262
0.094814
-0.173482
-0.077356
0.991482
0.104782
0.181939
-0.089294
0.979247

1.202272
-1.555945
-2.120698

Frame 19
0.981661
0.089035
-0.168566
-0.072749
0.992278
0.100454
0.176209
-0.086349
0.980558

1.076358
-1.452167
-2.112334

Frame 20
0.982443
0.086720
-0.165180
-0.071018
0.992578
0.098715
0.172515
-0.085251
0.981311

0.996008
-1.435654
-2.148293

Frame 21
0.983562
0.082143
-0.160806
-0.067245
0.993107
0.096000
0.167583
-0.083608
0.982306

0.893852
-1.394533
-2.195860

Frame 22
0.984503
0.078895
-0.156617
-0.064648
0.993464
0.094071
0.163015
-0.082488
0.983169

0.782345
-1.377066
-2.248396

Frame 23
0.985338
0.075509
-0.152998
-0.061761
0.993776
0.092706
0.159046
-0.081898
0.983869

0.681741
-1.402677
-2.350058

Frame 24
0.986250
0.072469
-0.148525
-0.059302
0.994061
0.091245
0.154256
-0.081182
0.984690

0.553369
-1.426515
-2.413808

Frame 25
0.987034
0.068174
-0.145314
-0.055503
0.994436
0.089533
0.150609
-0.080307
0.985326

0.473864
-1.446366
-2.518217

Frame 26
0.987996
0.065409
-0.139952
-0.053273
0.994626
0.088774
0.145007
-0.080252
0.986171

0.366880
-1.481682
-2.564729

Frame 27
0.988963
0.062407
-0.134377
-0.050953
0.994900
0.087055
0.139124
-0.079247
0.987099

0.262848
-1.495350
-2.605346

Frame 28
0.989979
0.059328
-0.128148
-0.048762
0.995266
0.084072
0.132530
-0.076980
0.988185

0.162034
-1.475990
-2.677975

Frame 29
0.990963
0.055768
-0.121995
-0.045766
0.995472
0.083310
0.126088
-0.076974
0.989028

0.066213
-1.499193
-2.723530

Frame 30
0.991520
0.053578
-0.118398
-0.044096
0.995713
0.081306
0.122247
-0.075396
0.989632

0.013634
-1.484186
-2.770573

Frame 31
0.992245
0.051315
-0.113208
-0.042389
0.995902
0.079896
0.116844
-0.074478
0.990354

-0.085127
-1.508019
-2.785675

Frame 32
0.992864
0.047614
-0.109337
-0.039292
0.996253
0.077051
0.112596
-0.072205
0.991014

-0.141927
-1.488231
-2.853756

Frame 33
0.993234
0.044986
-0.107062
-0.037032
0.996483
0.075162
0.110067
-0.070689
0.991407

-0.173687
-1.485775
-2.921595

Frame 34
0.993659
0.041989
-0.104302
-0.034490
0.996758
0.072689
0.107016
-0.068631
0.991886

-0.236763
-1.449757
-2.940283

Frame 35
0.993941
0.040203
-0.102294
-0.032904
0.996857
0.072064
0.104870
-0.068261
0.992141

-0.293543
-1.467269
-3.011171

Frame 36
0.994555
0.038318
-0.096913
-0.031348
0.996880
0.072446
0.099386
-0.069013
0.992653

-0.401386
-1.507145
-3.115127

Frame 37
0.995369
0.034708
-0.089638
-0.028461
0.997138
0.070047
0.091813
-0.067171
0.993508

-0.544639
-1.448675
-3.021204

Frame 38
0.995524
0.034187
-0.088112
-0.028068
0.997168
0.069771
0.090247
-0.066986
0.993664

-0.543339
-1.447451
-3.090119

Frame 39
0.996114
0.033347
-0.081514
-0.027697
0.997198
0.069488
0.083603
-0.066960
0.994247

-0.664655
-1.421590
-3.099689

Frame 40
0.996467
0.032772
-0.077332
-0.027265
0.997088
0.071218
0.079441
-0.068857
0.994459

-0.721736
-1.461242
-3.245942

Frame 41
0.996965
0.028713
-0.072367
-0.023663
0.997287
0.069704
0.074172
-0.067780
0.994939

-0.818950
-1.412770
-3.186198

Frame 42
0.997146
0.028610
-0.069866
-0.023758
0.997311
0.069322
0.071662
-0.067464
0.995145

-0.866936
-1.397849
-3.232606

Frame 43
0.997423
0.027283
-0.066356
-0.022595
0.997262
0.070412
0.068095
-0.068731
0.995309

-0.954799
-1.433311
-3.307384

Frame 44
0.997673
0.025157
-0.063374
-0.020829
0.997465
0.068049
0.064925
-0.066571
0.995667

-1.032976
-1.384916
-3.395704

Frame 45
0.997868
0.023519
-0.060876
-0.019436
0.997576
0.066817
0.062300
-0.065491
0.995906

-1.120852
-1.355399
-3.444488

Frame 46
0.998106
0.020766
-0.057899
-0.016878
0.997620
0.066850
0.059149
-0.065747
0.996082

-1.215031
-1.359404
-3.493301

Frame 47
0.998391
0.017049
-0.054078
-0.013443
0.997705
0.066358
0.055085
-0.065525
0.996329

-1.317427
-1.361597
-3.531070

Frame 48
0.998538
0.013432
-0.052356
-0.009983
0.997797
0.065583
0.053121
-0.064965
0.996473

-1.357562
-1.370064
-3.677010

Frame 49
0.998860
0.007251
-0.047191
-0.004333
0.998089
0.061644
0.047548
-0.061370
0.996982

-1.490370
-1.344151
-3.664840

Frame 50
0.998980
0.001894
-0.045119
0.000784
0.998241
0.059281
0.045152
-0.059256
0.997221

-1.524257
-1.377169
-3.732563

Frame 51
0.999278
-0.002301
-0.037925
0.004449
0.998384
0.056650
0.037733
-0.056778
0.997674

-1.683147
-1.383046
-3.737289

Frame 52
0.999410
-0.008530
-0.033281
0.010253
0.998597
0.051942
0.032792
-0.052252
0.998095

-1.795360
-1.332306
-3.808563

Frame 53
0.999510
-0.013616
-0.028188
0.015012
0.998640
0.049923
0.027470
-0.050322
0.998355

-1.918388
-1.331958
-3.807042

Frame 54
0.999493
-0.019940
-0.024829
0.021078
0.998697
0.046482
0.023870
-0.046982
0.998610

-1.962722
-1.308252
-3.819267

Frame 55
0.999656
-0.021277
-0.015320
0.021979
0.998644
0.047192
0.014295
-0.047512
0.998768

-2.155540
-1.351281
-3.810188

Frame 56
0.999593
-0.026181
-0.011369
0.026669
0.998629
0.045045
0.010174
-0.045330
0.998920

-2.223660
-1.319065
-3.872809

Frame 57
0.999588
-0.028313
-0.004770
0.028505
0.998504
0.046668
0.003441
-0.046785
0.998899

-2.403132
-1.354147
-3.834599

Frame 58
0.999517
-0.031054
-0.000843
0.031060
0.998413
0.046973
-0.000617
-0.046976
0.998896

-2.503547
-1.375209
-3.851519

Frame 59
0.999437
-0.033215
0.004640
0.032958
0.998336
0.047317
-0.006204
-0.047138
0.998869

-2.642064
-1.388360
-3.862740

Frame 60
0.999308
-0.035985
0.009463
0.035516
0.998320
0.045775
-0.011094
-0.045407
0.998907

-2.775001
-1.358918
-3.876061

Frame 61
0.999144
-0.039039
0.013659
0.038394
0.998263
0.044684
-0.015380
-0.044122
0.998908

-2.895853
-1.348722
-3.877767

Frame 62
0.999010
-0.041122
0.016947
0.040336
0.998201
0.044369
-0.018741
-0.043641
0.998871

-3.008404
-1.360351
-3.889244

Frame 63
0.998855
-0.042371
0.022212
0.041353
0.998156
0.044428
-0.024054
-0.043458
0.998766

-3.191922
-1.376394
-3.862345

Frame 64
0.998680
-0.044818
0.025098
0.043698
0.998096
0.043529
-0.027001
-0.042374
0.998737

-3.305263
-1.359986
-3.868308

Frame 65
0.998517
-0.045924
0.029243
0.044655
0.998092
0.042652
-0.031146
-0.041283
0.998662

-3.443989
-1.340408
-3.833623

Frame 66
0.998300
-0.047755
0.033427
0.046364
0.998074
0.041227
-0.035332
-0.039607
0.998590

-3.584555
-1.318387
-3.818213

Frame 67
0.998067
-0.049387
0.037718
0.047843
0.998021
0.040803
-0.039659
-0.038919
0.998455

-3.723196
-1.318296
-3.815551

Frame 68
0.997811
-0.051035
0.042047
0.049373
0.997993
0.039652
-0.043986
-0.037489
0.998329

-3.835987
-1.296929
-3.795678

Frame 69
0.997517
-0.052312
0.047143
0.050489
0.997960
0.039067
-0.049091
-0.036589
0.998124

-3.973410
-1.283548
-3.755888

Frame 70
0.997175
-0.053807
0.052418
0.051894
0.997960
0.037188
-0.054312
-0.034363
0.997933

-4.126065
-1.252258
-3.718826

Frame 71
0.996863
-0.054629
0.057276
0.052607
0.997957
0.036250
-0.059139
-0.033123
0.997700

-4.262121
-1.240661
-3.725674

Frame 72
0.996540
-0.056683
0.060794
0.054648
0.997905
0.034632
-0.062630
-0.031190
0.997549

-4.358889
-1.206075
-3.708287

Frame 73
0.996267
-0.056892
0.064929
0.054619
0.997849
0.036265
-0.066852
-0.032583
0.997231

-4.451582
-1.261565
-3.649968

Frame 74
0.995890
-0.058012
0.069551
0.055611
0.997804
0.035981
-0.071486
-0.031965
0.996929

-4.559240
-1.274934
-3.606222

Frame 75
0.995587
-0.059495
0.072569
0.057123
0.997777
0.034335
-0.074450
-0.030038
0.996772

-4.614365
-1.271360
-3.646969

Frame 76
0.995693
-0.060407
0.070326
0.057783
0.997576
0.038761
-0.072497
-0.034530
0.996771

-4.565831
-1.443435
-3.834784

Frame 77
0.995455
-0.061456
0.072749
0.059057
0.997652
0.034674
-0.074709
-0.030220
0.996747

-4.685303
-1.423988
-3.892610

Frame 78
0.995066
-0.062950
0.076682
0.060703
0.997666
0.031283
-0.078472
-0.026474
0.996565

-4.854648
-1.396541
-3.864476

Frame 79
0.995012
-0.064195
0.076353
0.062133
0.997644
0.029091
-0.078041
-0.024201
0.996656

-4.903113
-1.399160
-3.855539

Frame 80
0.994743
-0.066146
0.078167
0.064307
0.997596
0.025818
-0.079687
-0.020656
0.996606

-4.995745
-1.350350
-3.845029

Frame 81
0.994558
-0.066907
0.079859
0.064948
0.997526
0.026887
-0.081461
-0.021554
0.996443

-5.070029
-1.399733
-3.912600

Frame 82
0.993987
-0.071016
0.083341
0.069396
0.997342
0.022186
-0.084695
-0.016270
0.996274

-5.193323
-1.289051
-3.914217

Frame 83
0.993671
-0.072905
0.085457
0.071355
0.997229
0.021061
-0.086756
-0.014830
0.996119

-5.289029
-1.262874
-3.946783

Frame 84
0.993136
-0.075829
0.089052
0.074371
0.997038
0.019587
-0.090274
-0.012829
0.995834

-5.433916
-1.214033
-3.931268

Frame 85
0.992782
-0.077560
0.091474
0.076119
0.996915
0.019146
-0.092676
-0.012045
0.995623

-5.549147
-1.194305
-3.995904

Frame 86
0.992189
-0.080360
0.095413
0.078999
0.996713
0.017966
-0.096543
-0.010288
0.995276

-5.698309
-1.150895
-3.997441

Frame 87
0.991545
-0.083336
0.099462
0.082095
0.996488
0.016516
-0.100489
-0.008212
0.994904

-5.844052
-1.100172
-3.973262

Frame 88
0.990853
-0.086516
0.103562
0.085206
0.996218
0.017012
-0.104642
-0.008032
0.994478

-5.989943
-1.095548
-3.968455

Frame 89
0.989984
-0.091129
0.107830
0.090064
0.995827
0.014722
-0.108722
-0.004863
0.994060

-6.131470
-1.031862
-3.950252

Frame 90
0.989118
-0.095178
0.112193
0.094152
0.995453
0.014419
-0.113055
-0.003699
0.993582

-6.278823
-1.018722
-3.912278

Frame 91
0.988219
-0.099208
0.116540
0.098248
0.995064
0.013966
-0.117350
-0.002352
0.993088

-6.423578
-0.999818
-3.873907

Frame 92
0.987152
-0.103678
0.121583
0.102808
0.994611
0.013422
-0.122320
-0.000750
0.992490

-6.587452
-0.966196
-3.829154

Frame 93
0.986177
-0.107292
0.126268
0.106603
0.994227
0.012220
-0.126850
0.001409
0.991921

-6.742748
-0.919606
-3.797483

Frame 94
0.985302
-0.109714
0.130934
0.108841
0.993963
0.013825
-0.131660
0.000630
0.991295

-6.872450
-0.959449
-3.761881

Frame 95
0.984364
-0.113106
0.135033
0.112132
0.993583
0.014817
-0.135842
0.000556
0.990730

-6.962419
-0.993585
-3.760568

Frame 96
0.982994
-0.117539
0.141091
0.116767
0.993064
0.013766
-0.141730
0.002942
0.989901

-7.088729
-0.983815
-3.715429

Frame 97
0.981353
-0.122140
0.148418
0.121679
0.992494
0.012223
-0.148797
0.006064
0.988849

-7.243071
-0.972697
-3.645278

Frame 98
0.979844
-0.126327
0.154751
0.126009
0.991958
0.011902
-0.155010
0.007838
0.987882

-7.368110
-0.988711
-3.616956

Frame 99
0.978790
-0.129869
0.158444
0.129618
0.991492
0.011966
-0.158650
0.008825
0.987295

-7.432229
-1.009916
-3.641349

Frame 100
0.977512
-0.134153
0.162704
0.134041
0.990907
0.011712
-0.162796
0.010361
0.986605

-7.570856
-1.035975
-3.630135

Frame 101
0.975840
-0.136565
0.170545
0.136803
0.990544
0.010408
-0.170353
0.013174
0.985295

-7.808751
-1.012779
-3.540812

Frame 102
0.975814
-0.138558
0.169083
0.138201
0.990306
0.013934
-0.169375
0.009770
0.985503

-7.754902
-1.108386
-3.645898

Frame 103
0.973797
-0.142172
0.177499
0.142587
0.989727
0.010485
-0.177166
0.015099
0.984065

-7.968157
-1.017902
-3.532262

Frame 104
0.972512
-0.144996
0.182197
0.145516
0.989299
0.010582
-0.181782
0.016222
0.983205

-8.080069
-1.031111
-3.476720

Frame 105
0.970953
-0.148414
0.187680
0.149282
0.988748
0.009581
-0.186990
0.018714
0.982183

-8.219330
-1.015269
-3.420874

Frame 106
0.969908
-0.151047
0.190956
0.151750
0.988357
0.011022
-0.190398
0.018287
0.981537

-8.294896
-1.054571
-3.389339

Frame 107
0.968475
-0.154139
0.195696
0.155199
0.987833
0.010000
-0.194856
0.020687
0.980614

-8.400037
-1.038399
-3.316037

Frame 108
0.967544
-0.156455
0.198444
0.157418
0.987471
0.011016
-0.197681
0.020580
0.980050

-8.464018
-1.087188
-3.297084

Frame 109
0.966080
-0.159714
0.202932
0.161182
0.986880
0.009383
-0.201768
0.023644
0.979148

-8.598000
-1.063889
-3.243961

Frame 110
0.964730
-0.162043
0.207458
0.163730
0.986463
0.009131
-0.206129
0.025158
0.978201

-8.747276
-1.065067
-3.193778

Frame 111
0.963829
-0.163519
0.210465
0.165252
0.986206
0.009452
-0.209108
0.025669
0.977556

-8.845555
-1.082239
-3.158490

Frame 112
0.962997
-0.164512
0.213480
0.166321
0.986025
0.009583
-0.212073
0.026278
0.976900

-8.946666
-1.093168
-3.119980

Frame 113
0.961975
-0.164869
0.217765
0.166874
0.985935
0.009282
-0.216232
0.027410
0.975957

-9.082211
-1.093525
-3.053108

Frame 114
0.961007
-0.166189
0.221014
0.168339
0.985686
0.009211
-0.219381
0.028354
0.975227

-9.185972
-1.088983
-2.973224

Frame 115
0.959922
-0.167541
0.224676
0.169814
0.985432
0.009311
-0.222963
0.029215
0.974389

-9.299624
-1.107631
-2.894730

Frame 116
0.958801
-0.169418
0.228031
0.171717
0.985097
0.009869
-0.226305
0.029694
0.973604

-9.395608
-1.144094
-2.834733

Frame 117
0.957622
-0.171826
0.231161
0.174307
0.984643
0.009810
-0.229297
0.030899
0.972866

-9.478906
-1.159708
-2.772818

Frame 118
0.956339
-0.174280
0.234611
0.176993
0.984165
0.009614
-0.232572
0.032330
0.972042

-9.573796
-1.169384
-2.711555

Frame 119
0.954952
-0.176375
0.238659
0.179238
0.983757
0.009833
-0.236516
0.033387
0.971054

-9.699701
-1.191555
-2.654292

Frame 120
0.954115
-0.178819
0.240184
0.181650
0.983307
0.010487
-0.238050
0.033624
0.970671

-9.739636
-1.229642
-2.624730

Frame 121
0.952723
-0.181105
0.243968
0.183915
0.982876
0.011409
-0.241856
0.034000
0.969716

-9.834402
-1.264163
-2.519943

Frame 122
0.951024
-0.183939
0.248434
0.187315
0.982247
0.010192
-0.245898
0.036842
0.968595

-9.953581
-1.255132
-2.407600

Frame 123
0.949666
-0.186644
0.251593
0.189910
0.981735
0.011463
-0.249137
0.036894
0.967765

-10.042428
-1.301578
-2.343157

Frame 124
0.948633
-0.189329
0.253475
0.192554
0.981210
0.012265
-0.251034
0.037173
0.967264

-10.079217
-1.337082
-2.303223

Frame 125
0.946915
-0.191650
0.258113
0.195041
0.980713
0.012655
-0.255560
0.038359
0.966032

-10.189924
-1.366516
-2.184045

Frame 126
0.945725
-0.194579
0.260275
0.198400
0.980050
0.011778
-0.257374
0.040500
0.965463

-10.251847
-1.361388
-2.131115

Frame 127
0.943775
-0.196004
0.266216
0.199855
0.979742
0.012828
-0.263337
0.041097
0.963828

-10.443621
-1.407266
-2.045405

Frame 128
0.942466
-0.197098
0.270019
0.200818
0.979528
0.014071
-0.267264
0.040963
0.962752

-10.565186
-1.447995
-1.968399

Frame 129
0.941418
-0.198102
0.272923
0.201633
0.979341
0.015348
-0.270325
0.040581
0.961914

-10.652708
-1.491448
-1.895550

Frame 130
0.939734
-0.199732
0.277501
0.203754
0.978914
0.014577
-0.274561
0.042844
0.960615

-10.795686
-1.495360
-1.812831

Frame 131
0.938719
-0.201546
0.279616
0.205508
0.978534
0.015399
-0.276718
0.043008
0.959988

-10.865615
-1.525795
-1.770406

Frame 132
0.938093
-0.202530
0.281003
0.205725
0.978437
0.018411
-0.278673
0.040538
0.959530

-10.898249
-1.622217
-1.721893

Frame 133
0.936163
-0.203916
0.286387
0.207481
0.978070
0.018183
-0.283815
0.042397
0.957941

-11.031190
-1.642150
-1.627187

Frame 134
0.934279
-0.205574
0.291312
0.209464
0.977648
0.018130
-0.288528
0.044081
0.956456

-11.168001
-1.650817
-1.562565

Frame 135
0.933428
-0.206945
0.293064
0.210783
0.977352
0.018790
-0.290315
0.044234
0.955908

-11.218520
-1.680434
-1.547265

Frame 136
0.932875
-0.207825
0.294200
0.211566
0.977171
0.019427
-0.291521
0.044120
0.955547

-11.244278
-1.704630
-1.492801

Frame 137
0.931700
-0.208977
0.297092
0.213177
0.976837
0.018575
-0.294092
0.046027
0.954668

-11.381337
-1.695690
-1.452447

Frame 138
0.929644
-0.210879
0.302145
0.216072
0.976237
0.016540
-0.298453
0.049909
0.953119

-11.587407
-1.648391
-1.391606

Frame 139
0.928501
-0.211510
0.305205
0.216933
0.976048
0.016453
-0.301374
0.050932
0.952145

-11.729622
-1.647326
-1.377780

Frame 140
0.928035
-0.211764
0.306441
0.217148
0.975993
0.016835
-0.302650
0.050920
0.951741

-11.810806
-1.657916
-1.394865

Frame 141
0.927365
-0.212395
0.308030
0.218191
0.975776
0.015932
-0.303953
0.052434
0.951243

-11.903528
-1.633852
-1.402136

Frame 142
0.927804
-0.212189
0.306849
0.216847
0.976016
0.019254
-0.303574
0.048675
0.951564

-11.907030
-1.710677
-1.444942

Frame 143
0.928100
-0.212640
0.305638
0.216993
0.975967
0.020085
-0.302563
0.047681
0.951936

-11.907667
-1.730308
-1.496886

Frame 144
0.927828
-0.212746
0.306388
0.216887
0.975973
0.020891
-0.303471
0.047068
0.951678

-11.947167
-1.751006
-1.548134

Frame 145
0.923298
-0.214748
0.318440
0.222425
0.974869
0.012518
-0.313126
0.059271
0.947860

-12.312854
-1.528577
-1.376640

Frame 146
0.922655
-0.215483
0.319805
0.223206
0.974688
0.012779
-0.314463
0.059592
0.947397

-12.384733
-1.530551
-1.402013

Frame 147
0.921597
-0.216270
0.322313
0.224239
0.974452
0.012679
-0.316821
0.060590
0.946548

-12.486039
-1.536386
-1.428320

Frame 148
0.920384
-0.217570
0.324895
0.226298
0.973994
0.011175
-0.318877
0.063238
0.945684

-12.590927
-1.495675
-1.459552

Frame 149
0.917993
-0.219388
0.330391
0.229221
0.973329
0.009426
-0.323647
0.067080
0.943797

-12.805508
-1.445516
-1.452733

Frame 150
0.916827
-0.221136
0.332456
0.230901
0.972922
0.010384
-0.325750
0.067244
0.943062

-12.892193
-1.470726
-1.468419

Frame 151
0.915202
-0.223506
0.335336
0.233631
0.972270
0.010403
-0.328363
0.068824
0.942041

-12.986390
-1.482214
-1.487949

Frame 152
0.913765
-0.226708
0.337101
0.237342
0.971375
0.009920
-0.329700
0.070944
0.941416

-13.066477
-1.476992
-1.548514

Frame 153
0.909712
-0.230721
0.345241
0.243273
0.969931
0.007169
-0.336515
0.077466
0.938487

-13.351219
-1.411997
-1.495014

Frame 154
0.908653
-0.233466
0.346183
0.245792
0.969285
0.008539
-0.337544
0.077330
0.938128

-13.415455
-1.452946
-1.562510

Frame 155
0.906854
-0.236517
0.348819
0.249451
0.968354
0.008073
-0.339690
0.079693
0.937155

-13.502690
-1.445728
-1.579754

Frame 156
0.905256
-0.239430
0.350977
0.253202
0.967389
0.006865
-0.341174
0.082653
0.936359

-13.586812
-1.422188
-1.629439

Frame 157
0.902035
-0.242434
0.357155
0.258056
0.966121
0.004045
-0.346036
0.088517
0.934036

-13.802819
-1.348516
-1.603987

Frame 158
0.901358
-0.244232
0.357638
0.259839
0.965641
0.004567
-0.346466
0.088811
0.933849

-13.855854
-1.349129
-1.653142

Frame 159
0.899881
-0.246655
0.359689
0.262648
0.964881
0.004564
-0.348183
0.090365
0.933061

-13.936553
-1.344966
-1.679420

Frame 160
0.897605
-0.249390
0.363469
0.266204
0.963909
0.003971
-0.351341
0.093193
0.931598

-14.052023
-1.326906
-1.660448

Frame 161
0.895365
-0.252372
0.366919
0.269727
0.962928
0.004120
-0.354356
0.095279
0.930244

-14.157036
-1.337843
-1.651416

Frame 162
0.892984
-0.255596
0.370473
0.273825
0.961773
0.003521
-0.357211
0.098301
0.928836

-14.285286
-1.315534
-1.655390

Frame 163
0.890247
-0.258283
0.375168
0.278314
0.960490
0.000827
-0.360559
0.103678
0.926956

-14.448674
-1.249102
-1.605894

Frame 164
0.888159
-0.260416
0.378626
0.281660
0.959514
-0.000755
-0.363101
0.107315
0.925549

-14.605231
-1.192187
-1.586506

Frame 165
0.886424
-0.263331
0.380669
0.285158
0.958480
-0.000981
-0.364606
0.109420
0.924711

-14.711373
-1.159580
-1.588481

Frame 166
0.884641
-0.266804
0.382394
0.288632
0.957440
0.000297
-0.366199
0.110108
0.923999

-14.796765
-1.175564
-1.604347

Frame 167
0.882586
-0.270485
0.384551
0.292222
0.956348
0.001994
-0.368304
0.110614
0.923102

-14.878748
-1.214858
-1.586178

Frame 168
0.880152
-0.273982
0.387642
0.295903
0.955212
0.003278
-0.371179
0.111819
0.921804

-14.973832
-1.244656
-1.557368

Frame 169
0.876836
-0.278222
0.392111
0.300861
0.953660
0.003885
-0.375021
0.114564
0.919910

-15.082738
-1.263242
-1.529847

Frame 170
0.875177
-0.281767
0.393286
0.303719
0.952738
0.006719
-0.376591
0.113568
0.919392

-15.086280
-1.348040
-1.528235

Frame 171
0.871415
-0.285907
0.398614
0.308660
0.951143
0.007446
-0.381268
0.116548
0.917089

-15.204886
-1.384417
-1.442325

Frame 172
0.868146
-0.289479
0.403142
0.312903
0.949750
0.008155
-0.385245
0.119064
0.915101

-15.307554
-1.418705
-1.412743

Frame 173
0.866071
-0.293290
0.404848
0.316827
0.948438
0.009320
-0.386707
0.120196
0.914336

-15.331152
-1.458959
-1.409390

Frame 174
0.863293
-0.296800
0.408210
0.320633
0.947145
0.010564
-0.389769
0.121766
0.912827

-15.385266
-1.503402
-1.349684

Frame 175
0.859971
-0.300104
0.412779
0.324046
0.945957
0.012633
-0.394262
0.122895
0.910744

-15.472889
-1.567421
-1.267058

Frame 176
0.856001
-0.303632
0.418414
0.328440
0.944430
0.013418
-0.399237
0.125938
0.908157

-15.600953
-1.593109
-1.195256

Frame 177
0.855110
-0.307974
0.417059
0.331602
0.943272
0.016659
-0.398531
0.124053
0.908727

-15.537878
-1.675297
-1.271294

Frame 178
0.850136
-0.310472
0.425296
0.334742
0.942125
0.018640
-0.406469
0.126518
0.904862

-15.714157
-1.724759
-1.110277

Frame 179
0.846125
-0.313066
0.431349
0.337800
0.940998
0.020342
-0.412267
0.128498
0.901956

-15.826010
-1.778879
-0.999840

Frame 180
0.843496
-0.315316
0.434845
0.340386
0.940043
0.021378
-0.415513
0.129983
0.900252

-15.865525
-1.818479
-0.941005

Frame 181
0.839834
-0.317397
0.440384
0.342858
0.939106
0.022992
-0.420865
0.131680
0.897515

-15.965919
-1.873851
-0.865327

Frame 182
0.836875
-0.319528
0.444458
0.346052
0.937940
0.022717
-0.424134
0.134794
0.895512

-16.039664
-1.873968
-0.805967

Frame 183
0.834469
-0.322146
0.447083
0.348820
0.936882
0.024007
-0.426598
0.135919
0.894170

-16.084625
-1.917228
-0.748252

Frame 184
0.832318
-0.325434
0.448709
0.353598
0.935131
0.022325
-0.426867
0.140081
0.893399

-16.098972
-1.888674
-0.707665

Frame 185
0.828593
-0.328792
0.453133
0.357585
0.933584
0.023532
-0.430774
0.142535
0.891133

-16.175110
-1.918890
-0.630288

Frame 186
0.822870
-0.331147
0.461765
0.358963
0.932891
0.029333
-0.440489
0.141619
0.886517

-16.346334
-2.063251
-0.460374

Frame 187
0.816926
-0.333851
0.470293
0.364201
0.930894
0.028184
-0.447202
0.148257
0.882060

-16.541086
-2.035852
-0.319338

Frame 188
0.814312
-0.337183
0.472444
0.365451
0.930210
0.033994
-0.450934
0.144973
0.880705

-16.556458
-2.182719
-0.339633

Frame 189
0.817007
-0.339525
0.466070
0.364934
0.930259
0.037962
-0.446455
0.139069
0.883933

-16.317935
-2.255575
-0.442213

Frame 190
0.810607
-0.341316
0.475835
0.371442
0.927877
0.032796
-0.452710
0.150160
0.878923

-16.522692
-2.115111
-0.164827

Frame 191
0.797563
-0.343314
0.496013
0.376519
0.925735
0.035323
-0.471303
0.158586
0.867597

-17.000055
-2.174362
0.279018

Frame 192
0.792456
-0.346903
0.501669
0.380236
0.924093
0.038371
-0.476900
0.160345
0.864208

-17.086008
-2.250185
0.405451

Frame 193
0.786969
-0.350889
0.507500
0.383815
0.922427
0.042598
-0.483079
0.161263
0.860598

-17.204247
-2.347772
0.550122

Frame 194
0.781421
-0.355696
0.512701
0.388643
0.920235
0.046089
-0.488199
0.163243
0.857330

-17.332663
-2.433308
0.649064

Frame 195
0.775915
-0.360866
0.517427
0.393319
0.918017
0.050441
-0.493210
0.164376
0.854239

-17.462494
-2.537568
0.752920

Frame 196
0.770645
-0.365630
0.521939
0.398251
0.915717
0.053462
-0.497496
0.166662
0.851306

-17.599390
-2.623109
0.830748

Frame 197
0.764668
-0.370997
0.526920
0.403444
0.913196
0.057489
-0.502510
0.168623
0.847968

-17.747969
-2.728393
0.978333

Frame 198
0.760005
-0.375283
0.530618
0.408361
0.910890
0.059336
-0.505602
0.171588
0.845532

-17.844531
-2.776946
1.094142

Frame 199
0.754199
-0.379656
0.535766
0.412723
0.908681
0.062920
-0.510728
0.173669
0.842019

-17.951947
-2.870042
1.248444

Frame 200
0.746484
-0.383888
0.543500
0.417893
0.906093
0.066030
-0.517810
0.177834
0.836808

-18.110871
-2.962733
1.464497

Frame 201
0.740865
-0.388427
0.547945
0.421952
0.903893
0.070238
-0.522566
0.179170
0.833561

-18.189209
-3.075979
1.600704

Frame 202
0.734584
-0.392265
0.553638
0.425724
0.901815
0.074093
-0.528343
0.181269
0.829455

-18.333597
-3.183935
1.733810

Frame 203
0.729525
-0.395660
0.557894
0.429188
0.899927
0.077008
-0.532533
0.183262
0.826332

-18.438258
-3.259713
1.848167

Frame 204
0.724638
-0.398759
0.562041
0.432232
0.898208
0.079989
-0.536726
0.184969
0.823232

-18.539023
-3.343605
1.988034

Frame 205
0.719662
-0.401436
0.566512
0.435130
0.896575
0.082560
-0.541063
0.187091
0.819907

-18.646184
-3.426800
2.125927

Frame 206
0.715133
-0.403597
0.570696
0.437784
0.895106
0.084437
-0.544912
0.189458
0.816809

-18.736924
-3.487384
2.233276

Frame 207
0.709776
-0.405580
0.575954
0.439811
0.893825
0.087421
-0.550258
0.191262
0.812795

-18.840667
-3.557263
2.416451

Frame 208
0.704479
-0.407266
0.581244
0.441639
0.892649
0.090187
-0.555576
0.193165
0.808716

-18.950677
-3.625871
2.593494

Frame 209
0.699034
-0.408767
0.586737
0.443768
0.891376
0.092300
-0.560733
0.195854
0.804500

-19.084729
-3.680954
2.738017

Frame 210
0.693833
-0.410365
0.591774
0.444848
0.890455
0.095916
-0.566308
0.196700
0.800378

-19.226239
-3.767824
2.874938

Frame 211
0.690196
-0.411410
0.595291
0.445795
0.889749
0.098045
-0.569996
0.197707
0.797506

-19.323697
-3.819388
3.004630

Frame 212
0.688378
-0.412436
0.596685
0.446776
0.889135
0.099149
-0.571426
0.198332
0.796327

-19.373502
-3.845514
3.061692

Frame 213
0.686499
-0.413425
0.598163
0.447702
0.888540
0.100302
-0.572959
0.198941
0.795073

-19.419808
-3.876919
3.128977

Frame 214
0.683493
-0.414222
0.601047
0.448913
0.887808
0.101357
-0.575599
0.200541
0.792761

-19.485962
-3.916512
3.249460

Frame 215
0.680142
-0.415001
0.604302
0.449970
0.887110
0.102775
-0.578734
0.202016
0.790099

-19.561450
-3.965004
3.370662

Frame 216
0.675202
-0.416252
0.608963
0.450948
0.886258
0.105796
-0.583737
0.203177
0.786111

-19.686680
-4.053964
3.498628

Frame 217
0.671910
-0.417520
0.611731
0.452306
0.885363
0.107479
-0.586478
0.204474
0.783731

-19.757416
-4.107699
3.579973

Frame 218
0.668215
-0.418926
0.614809
0.453996
0.884296
0.109120
-0.589386
0.206206
0.781091

-19.829890
-4.165842
3.674074

Frame 219
0.664921
-0.420351
0.617401
0.455467
0.883321
0.110877
-0.591971
0.207481
0.778795

-19.884634
-4.219717
3.763428

Frame 220
0.661283
-0.421953
0.620211
0.456768
0.882345
0.113276
-0.595037
0.208385
0.776213

-19.950715
-4.291506
3.848630

Frame 221
0.657905
-0.423496
0.622746
0.458418
0.881265
0.115001
-0.597506
0.209818
0.773927

-20.013793
-4.350000
3.927139

Frame 222
0.654765
-0.424862
0.625120
0.459631
0.880380
0.116922
-0.600019
0.210768
0.771722

-20.069507
-4.409854
4.012082

Frame 223
0.652008
-0.425784
0.627371
0.460870
0.879589
0.117990
-0.602067
0.212206
0.769730

-20.123295
-4.448879
4.084234

Frame 224
0.648708
-0.426917
0.630016
0.461837
0.878814
0.119970
-0.604884
0.213139
0.767259

-20.185035
-4.509763
4.170190

Frame 225
0.645578
-0.428009
0.632485
0.463103
0.877947
0.121426
-0.607260
0.214516
0.764995

-20.239892
-4.556689
4.248043

Frame 226
0.642526
-0.429082
0.634862
0.463964
0.877228
0.123324
-0.609835
0.215314
0.762720

-20.290117
-4.610782
4.324998

Frame 227
0.639460
-0.430213
0.637187
0.465052
0.876411
0.125019
-0.612223
0.216381
0.760502

-20.337585
-4.655030
4.397422

Frame 228
0.635876
-0.431205
0.640097
0.466126
0.875586
0.126792
-0.615133
0.217742
0.757760

-20.394524
-4.705615
4.485203

Frame 229
0.632513
-0.432141
0.642792
0.467043
0.874838
0.128567
-0.617898
0.218891
0.755175

-20.440437
-4.755044
4.564838

Frame 230
0.629735
-0.433192
0.644809
0.467617
0.874225
0.130631
-0.620297
0.219261
0.753098

-20.479176
-4.810803
4.617089

Frame 231
0.627217
-0.433871
0.646803
0.468299
0.873665
0.131930
-0.622330
0.220149
0.751159

-20.530723
-4.852999
4.649831

Frame 232
0.625411
-0.434596
0.648065
0.469192
0.873070
0.132695
-0.623475
0.221078
0.749936

-20.554801
-4.875295
4.669289

Frame 233
0.623476
-0.434739
0.649830
0.470022
0.872605
0.132817
-0.624786
0.222626
0.748385

-20.578289
-4.881547
4.710589

Frame 234
0.619791
-0.434550
0.653472
0.470942
0.872046
0.133229
-0.627752
0.225174
0.745134

-20.635360
-4.894136
4.823681

Frame 235
0.618997
-0.436324
0.653042
0.470045
0.871939
0.137038
-0.629206
0.222133
0.744820

-20.584392
-4.987157
4.834802

Frame 236
0.614764
-0.436930
0.656626
0.469831
0.871571
0.140080
-0.633501
0.222386
0.741094

-20.683983
-5.043188
4.910858

Frame 237
0.612402
-0.437672
0.658337
0.471964
0.870483
0.139677
-0.634204
0.225173
0.739650

-20.725836
-5.043028
4.916052

Frame 238
0.611385
-0.437835
0.659173
0.473199
0.869932
0.138932
-0.634265
0.226979
0.739046

-20.724994
-5.024933
4.902912

Frame 239
0.606872
-0.437984
0.663232
0.474238
0.869185
0.140053
-0.637813
0.229536
0.735193

-20.797394
-5.058836
4.964028

