Frame 0
0.968812
0.116944
-0.218468
-0.096805
0.990191
0.100750
0.228107
-0.076459
0.970629

2.495339
-0.986439
-0.349264

Frame 1
0.969702
0.114575
-0.215757
-0.094936
0.990517
0.099318
0.225090
-0.075826
0.971383

2.451700
-0.975435
-0.404710

Frame 2
0.970693
0.112174
-0.212538
-0.092993
0.990810
0.098219
0.221603
-0.075576
0.972204

2.381521
-0.962949
-0.434849

Frame 3
0.971736
0.109677
-0.209048
-0.091066
0.991140
0.096692
0.217801
-0.074922
0.973113

2.286019
-0.943223
-0.486031

Frame 4
0.972541
0.107715
-0.206306
-0.089468
0.991367
0.095848
0.214849
-0.074758
0.973782

2.215030
-0.943709
-0.547326

Frame 5
0.973485
0.105173
-0.203138
-0.087436
0.991685
0.094426
0.211380
-0.074161
0.974586

2.149939
-0.927386
-0.602464

Frame 6
0.974532
0.103018
-0.199184
-0.085785
0.991934
0.093317
0.207191
-0.073853
0.975509

2.077006
-0.915341
-0.646251

Frame 7
0.975782
0.101687
-0.193675
-0.084951
0.992048
0.092861
0.201578
-0.074159
0.976661

1.960029
-0.926544
-0.679690

Frame 8
0.976930
0.098993
-0.189232
-0.082851
0.992361
0.091405
0.196834
-0.073618
0.977669

1.857282
-0.921931
-0.743140

Frame 9
0.977872
0.096516
-0.185610
-0.081008
0.992695
0.089411
0.192883
-0.072397
0.978547

1.796894
-0.903974
-0.857138

Frame 10
0.978981
0.093863
-0.181068
-0.078927
0.992987
0.088015
0.188059
-0.071874
0.979524

1.702841
-0.890508
-0.893846

Frame 11
0.980071
0.091605
-0.176264
-0.077259
0.993242
0.086607
0.183007
-0.071263
0.980525

1.593102
-0.886106
-0.936845

Frame 12
0.981069
0.088513
-0.172246
-0.074826
0.993618
0.084410
0.178618
-0.069924
0.981431

1.499915
-0.862756
-1.035170

Frame 13
0.982091
0.085772
-0.167749
-0.072663
0.993914
0.082795
0.173830
-0.069123
0.982347

1.402366
-0.843968
-1.133099

Frame 14
0.983085
0.084388
-0.162549
-0.071642
0.993992
0.082744
0.168555
-0.069699
0.983225

1.292865
-0.870051
-1.200541

Frame 15
0.984164
0.079956
-0.158205
-0.067941
0.994480
0.079955
0.163724
-0.067940
0.984164

1.193220
-0.821669
-1.262315

Frame 16
0.985140
0.075673
-0.154182
-0.064295
0.994918
0.077493
0.159262
-0.066428
0.984999

1.092786
-0.780869
-1.388583

Frame 17
0.986153
0.071545
-0.149615
-0.060686
0.995265
0.075929
0.154338
-0.065798
0.985825

0.970783
-0.762623
-1.497702

Frame 18
0.986678
0.070315
-0.146705
-0.059508
0.995269
0.076797
0.151411
-0.067044
0.986195

0.906861
-0.819237
-1.633993

Frame 19
0.987742
0.065725
-0.141586
-0.055482
0.995630
0.075124
0.145905
-0.066348
0.987071

0.771735
-0.794619
-1.648830

Frame 20
0.988552
0.062161
-0.137481
-0.052562
0.995991
0.072384
0.141430
-0.064329
0.987856

0.668189
-0.746374
-1.661526

Frame 21
0.989422
0.057687
-0.133101
-0.048721
0.996380
0.069666
0.136638
-0.062444
0.988651

0.561293
-0.705219
-1.709306

Frame 22
0.990238
0.054829
-0.128153
-0.046247
0.996543
0.069010
0.131494
-0.062410
0.989350

0.421180
-0.731558
-1.755358

Frame 23
0.990825
0.051220
-0.125068
-0.043199
0.996882
0.066028
0.128060
-0.060019
0.989949

0.332945
-0.709634
-1.855547

Frame 24
0.991538
0.047721
-0.120730
-0.040114
0.997100
0.064674
0.123467
-0.059284
0.990576

0.204004
-0.732827
-1.915820

Frame 25
0.992082
0.043911
-0.117664
-0.036848
0.997424
0.061548
0.120064
-0.056725
0.991144

0.123713
-0.711138
-2.012060

Frame 26
0.992752
0.041892
-0.112646
-0.035056
0.997461
0.061993
0.114957
-0.057595
0.991699

0.022330
-0.783783
-2.070596

Frame 27
0.993495
0.039079
-0.106956
-0.032760
0.997648
0.060216
0.109057
-0.056320
0.992439

-0.084150
-0.797424
-2.096827

Frame 28
0.994249
0.034799
-0.101281
-0.029164
0.997971
0.056593
0.103045
-0.053314
0.993247

-0.180427
-0.756148
-2.159788

Frame 29
0.994876
0.030356
-0.096443
-0.025053
0.998131
0.055735
0.097954
-0.053034
0.993777

-0.246094
-0.782218
-2.199922

Frame 30
0.995416
0.027962
-0.091466
-0.023329
0.998409
0.051335
0.092756
-0.048966
0.994484

-0.340575
-0.706767
-2.199634

Frame 31
0.995906
0.025037
-0.086854
-0.020750
0.998538
0.049916
0.087977
-0.047909
0.994970

-0.422481
-0.729009
-2.213256

Frame 32
0.996275
0.022003
-0.083381
-0.018085
0.998709
0.047465
0.084318
-0.045780
0.995387

-0.472923
-0.719655
-2.290285

Frame 33
0.996578
0.019514
-0.080321
-0.015851
0.998816
0.046002
0.081123
-0.044571
0.995707

-0.529609
-0.729617
-2.359660

Frame 34
0.996831
0.016976
-0.077716
-0.013574
0.998935
0.044099
0.078382
-0.042904
0.996000

-0.594887
-0.708642
-2.386569

Frame 35
0.997047
0.014663
-0.075375
-0.011495
0.999039
0.042288
0.075923
-0.041296
0.996258

-0.658905
-0.691281
-2.434343

Frame 36
0.997445
0.014068
-0.070033
-0.011109
0.999036
0.042471
0.070563
-0.041585
0.996640

-0.776801
-0.722373
-2.515807

Frame 37
0.997808
0.010061
-0.065408
-0.007304
0.999080
0.042261
0.065773
-0.041691
0.996963

-0.845235
-0.714323
-2.483013

Frame 38
0.998045
0.009061
-0.061846
-0.006615
0.999192
0.039645
0.062155
-0.039158
0.997298

-0.892729
-0.651463
-2.484405

Frame 39
0.998433
0.007954
-0.055391
-0.005727
0.999173
0.040257
0.055665
-0.039877
0.997653

-1.008808
-0.647051
-2.490319

Frame 40
0.998677
0.006996
-0.050952
-0.004975
0.999200
0.039684
0.051189
-0.039378
0.997912

-1.078331
-0.626304
-2.585023

Frame 41
0.998928
0.004032
-0.046106
-0.002188
0.999198
0.039970
0.046230
-0.039827
0.998137

-1.178168
-0.616938
-2.562151

Frame 42
0.999039
0.003536
-0.043687
-0.001828
0.999235
0.039068
0.043792
-0.038951
0.998281

-1.226954
-0.588276
-2.590009

Frame 43
0.999201
0.002284
-0.039910
-0.000696
0.999208
0.039775
0.039970
-0.039716
0.998411

-1.329763
-0.614828
-2.660851

Frame 44
0.999326
0.000772
-0.036707
0.000645
0.999255
0.038591
0.036709
-0.038589
0.998581

-1.420326
-0.600030
-2.760328

Frame 45
0.999396
-0.000855
-0.034727
0.002159
0.999294
0.037515
0.034671
-0.037567
0.998692

-1.497977
-0.574479
-2.811825

Frame 46
0.999491
-0.003921
-0.031647
0.005066
0.999332
0.036181
0.031484
-0.036323
0.998844

-1.604595
-0.537256
-2.830027

Frame 47
0.999579
-0.007437
-0.028060
0.008438
0.999325
0.035748
0.027775
-0.035970
0.998967

-1.712126
-0.537026
-2.865777

Frame 48
0.999649
-0.011323
-0.023937
0.012134
0.999348
0.034015
0.023536
-0.034293
0.999135

-1.817325
-0.520381
-2.943565

Frame 49
0.999652
-0.016930
-0.020251
0.017553
0.999365
0.031012
0.019713
-0.031357
0.999314

-1.916812
-0.514408
-2.971116

Frame 50
0.999651
-0.021010
-0.016010
0.021445
0.999392
0.027506
0.015423
-0.027839
0.999493

-2.016421
-0.506471
-2.981346

Frame 51
0.999550
-0.027742
-0.011396
0.027999
0.999344
0.022987
0.010751
-0.023296
0.999671

-2.116457
-0.471954
-3.011869

Frame 52
0.999422
-0.033295
-0.006890
0.033423
0.999254
0.019354
0.006240
-0.019573
0.999789

-2.231122
-0.449675
-3.069019

Frame 53
0.999260
-0.038417
-0.002033
0.038446
0.999119
0.016845
0.001384
-0.016910
0.999856

-2.356134
-0.436305
-3.058046

Frame 54
0.999151
-0.041051
0.003446
0.040989
0.999024
0.016435
-0.004117
-0.016280
0.999859

-2.459820
-0.480612
-3.045682

Frame 55
0.998877
-0.046317
0.010002
0.046179
0.998841
0.013601
-0.010620
-0.013123
0.999857

-2.589240
-0.440574
-3.036645

Frame 56
0.998691
-0.048431
0.016453
0.048230
0.998759
0.012391
-0.017033
-0.011581
0.999788

-2.737803
-0.413927
-3.062263

Frame 57
0.998452
-0.051953
0.019869
0.051680
0.998565
0.014031
-0.020570
-0.012982
0.999704

-2.835045
-0.463313
-3.058279

Frame 58
0.998193
-0.054709
0.024869
0.054409
0.998439
0.012594
-0.025519
-0.011218
0.999611

-2.976767
-0.431540
-3.034320

Frame 59
0.997968
-0.056715
0.029030
0.056331
0.998316
0.013876
-0.029768
-0.012213
0.999482

-3.088283
-0.475688
-3.051038

Frame 60
0.997699
-0.058987
0.033420
0.058584
0.998199
0.012898
-0.034120
-0.010910
0.999358

-3.219506
-0.459909
-3.060367

Frame 61
0.997437
-0.061341
0.036847
0.060923
0.998066
0.012354
-0.037534
-0.010077
0.999245

-3.326087
-0.458131
-3.078200

Frame 62
0.997289
-0.063382
0.037391
0.062973
0.997943
0.012006
-0.038075
-0.009619
0.999229

-3.361889
-0.467288
-3.117933

Frame 63
0.997129
-0.063398
0.041408
0.062826
0.997912
0.014964
-0.042270
-0.012320
0.999030

-3.519556
-0.574572
-3.137611

Frame 64
0.996916
-0.064834
0.044222
0.064211
0.997818
0.015361
-0.045121
-0.012474
0.998904

-3.635270
-0.592540
-3.137282

Frame 65
0.996748
-0.065311
0.047208
0.064624
0.997783
0.015921
-0.048143
-0.012818
0.998758

-3.749086
-0.614993
-3.136105

Frame 66
0.996486
-0.066416
0.051026
0.065727
0.997724
0.015056
-0.051910
-0.011649
0.998584

-3.891343
-0.604521
-3.128596

Frame 67
0.996248
-0.067152
0.054587
0.066400
0.997673
0.015477
-0.055500
-0.011795
0.998389

-4.013869
-0.623432
-3.138227

Frame 68
0.995965
-0.068541
0.057924
0.067833
0.997597
0.014105
-0.058752
-0.010119
0.998221

-4.103713
-0.592112
-3.128721

Frame 69
0.995626
-0.069103
0.062878
0.068312
0.997556
0.014653
-0.063736
-0.010293
0.997914

-4.249780
-0.609368
-3.099407

Frame 70
0.995281
-0.069656
0.067562
0.068822
0.997522
0.014601
-0.068411
-0.009883
0.997608

-4.394311
-0.628537
-3.080517

Frame 71
0.994916
-0.071158
0.071266
0.070404
0.997433
0.013045
-0.072012
-0.007962
0.997372

-4.508774
-0.601357
-3.108013

Frame 72
0.994656
-0.071835
0.074156
0.071080
0.997389
0.012786
-0.074880
-0.007447
0.997165

-4.587812
-0.593488
-3.104288

Frame 73
0.994408
-0.071697
0.077535
0.070712
0.997378
0.015372
-0.078434
-0.009804
0.996871

-4.666169
-0.683326
-3.061676

Frame 74
0.994064
-0.072265
0.081329
0.071159
0.997330
0.016423
-0.082299
-0.010538
0.996552

-4.753458
-0.737316
-3.036000

Frame 75
0.993710
-0.072931
0.084975
0.071901
0.997297
0.015114
-0.085848
-0.008909
0.996268

-4.825457
-0.744146
-3.075159

Frame 76
0.993799
-0.073729
0.083232
0.072630
0.997228
0.016155
-0.084192
-0.010009
0.996399

-4.790219
-0.815734
-3.229681

Frame 77
0.993738
-0.073450
0.084203
0.072380
0.997254
0.015691
-0.085125
-0.009498
0.996325

-4.862959
-0.894833
-3.335130

Frame 78
0.993229
-0.074328
0.089285
0.073496
0.997216
0.012571
-0.089970
-0.005923
0.995927

-5.087679
-0.893703
-3.318937

Frame 79
0.993201
-0.075683
0.088457
0.075116
0.997127
0.009727
-0.088939
-0.003016
0.996033

-5.128315
-0.876986
-3.313728

Frame 80
0.992865
-0.077160
0.090912
0.076844
0.997019
0.006981
-0.091180
0.000055
0.995834

-5.249977
-0.844104
-3.304082

Frame 81
0.992774
-0.078373
0.090875
0.078003
0.996924
0.007621
-0.091193
-0.000477
0.995833

-5.276879
-0.886941
-3.404912

Frame 82
0.992268
-0.080953
0.094080
0.080762
0.996716
0.005848
-0.094244
0.001796
0.995547

-5.399158
-0.842921
-3.433840

Frame 83
0.991997
-0.082658
0.095441
0.082643
0.996571
0.004122
-0.095455
0.003799
0.995427

-5.481431
-0.798137
-3.475574

Frame 84
0.991572
-0.084462
0.098244
0.084326
0.996423
0.005546
-0.098361
0.002785
0.995147

-5.611905
-0.823372
-3.495778

Frame 85
0.991323
-0.085861
0.099535
0.085775
0.996301
0.005151
-0.099609
0.003432
0.995021

-5.701767
-0.802409
-3.586879

Frame 86
0.990750
-0.088196
0.103132
0.088158
0.996094
0.004940
-0.103165
0.004198
0.994655

-5.854228
-0.779564
-3.608650

Frame 87
0.990218
-0.090506
0.106190
0.090531
0.995883
0.004599
-0.106169
0.005060
0.994335

-5.980956
-0.752680
-3.604281

Frame 88
0.989671
-0.093004
0.109096
0.092809
0.995660
0.006874
-0.109262
0.003322
0.994007

-6.101163
-0.796210
-3.633639

Frame 89
0.988910
-0.096781
0.112650
0.096745
0.995292
0.005793
-0.112680
0.005169
0.993618

-6.231995
-0.756582
-3.633261

Frame 90
0.988204
-0.100165
0.115847
0.100039
0.994960
0.006911
-0.115955
0.004760
0.993243

-6.355207
-0.779617
-3.618556

Frame 91
0.987339
-0.104143
0.119650
0.104100
0.994545
0.006624
-0.119687
0.005915
0.992794

-6.495163
-0.755484
-3.588562

Frame 92
0.986628
-0.107378
0.122617
0.107108
0.994208
0.008812
-0.122853
0.004439
0.992415

-6.606475
-0.794124
-3.579375

Frame 93
0.985894
-0.109991
0.126151
0.109769
0.993919
0.008726
-0.126344
0.005245
0.991973

-6.739057
-0.775162
-3.564421

Frame 94
0.985177
-0.112322
0.129657
0.111919
0.993663
0.010413
-0.130005
0.004252
0.991504

-6.846306
-0.818454
-3.552164

Frame 95
0.984153
-0.115992
0.134123
0.115665
0.993235
0.010261
-0.134406
0.005415
0.990912

-6.955203
-0.818999
-3.532978

Frame 96
0.983197
-0.119310
0.138161
0.118715
0.992849
0.012575
-0.138673
0.004038
0.990330

-7.025405
-0.901085
-3.545118

Frame 97
0.981889
-0.123264
0.143878
0.122754
0.992359
0.012448
-0.144313
0.005440
0.989517

-7.142568
-0.928292
-3.501509

Frame 98
0.980383
-0.127584
0.150240
0.127310
0.991797
0.011485
-0.150473
0.007867
0.988583

-7.277197
-0.926149
-3.470792

Frame 99
0.979548
-0.130745
0.152940
0.130338
0.991388
0.012728
-0.153287
0.007466
0.988153

-7.314396
-0.981293
-3.519484

Frame 100
0.978238
-0.134644
0.157867
0.134418
0.990850
0.012158
-0.158060
0.009327
0.987385

-7.492183
-0.992834
-3.493939

Frame 101
0.977321
-0.136556
0.161849
0.136225
0.990590
0.013192
-0.162128
0.009155
0.986727

-7.622207
-1.035538
-3.473608

Frame 102
0.976694
-0.139264
0.163325
0.138768
0.990219
0.014500
-0.163747
0.008502
0.986466

-7.663614
-1.074641
-3.529393

Frame 103
0.975921
-0.141154
0.166297
0.140537
0.989954
0.015533
-0.166818
0.008212
0.985953

-7.712715
-1.102193
-3.525494

Frame 104
0.974842
-0.143653
0.170434
0.142935
0.989594
0.016543
-0.171036
0.008234
0.985230

-7.816202
-1.139968
-3.480242

Frame 105
0.973526
-0.146943
0.175086
0.146678
0.989078
0.014529
-0.175309
0.011536
0.984446

-7.943266
-1.090609
-3.428352

Frame 106
0.972707
-0.149558
0.177411
0.149046
0.988696
0.016285
-0.177841
0.010601
0.984002

-7.995498
-1.139853
-3.407590

Frame 107
0.971607
-0.152010
0.181306
0.151440
0.988319
0.017067
-0.181782
0.010874
0.983279

-8.080245
-1.172182
-3.354707

Frame 108
0.970550
-0.154633
0.184721
0.153973
0.987911
0.018000
-0.185271
0.010972
0.982626

-8.176345
-1.221652
-3.324050

Frame 109
0.969728
-0.157084
0.186956
0.156607
0.987507
0.017412
-0.187355
0.012394
0.982214

-8.248495
-1.222477
-3.305682

Frame 110
0.968824
-0.159167
0.189855
0.158714
0.987166
0.017691
-0.190235
0.012994
0.981653

-8.360867
-1.236588
-3.278888

Frame 111
0.968200
-0.160431
0.191965
0.159912
0.986962
0.018294
-0.192397
0.012985
0.981231

-8.439994
-1.262000
-3.256741

Frame 112
0.967664
-0.161218
0.193998
0.160571
0.986838
0.019164
-0.194534
0.012606
0.980815

-8.520373
-1.294511
-3.230530

Frame 113
0.966971
-0.161696
0.197031
0.161104
0.986752
0.019138
-0.197515
0.013236
0.980210

-8.628567
-1.301078
-3.182886

Frame 114
0.966325
-0.162346
0.199650
0.161475
0.986659
0.020747
-0.200355
0.012190
0.979648

-8.721370
-1.346336
-3.109377

Frame 115
0.965532
-0.163503
0.202519
0.162609
0.986464
0.021160
-0.203238
0.012500
0.979050

-8.820733
-1.374678
-3.039699

Frame 116
0.964721
-0.165265
0.204939
0.164248
0.986172
0.022085
-0.205755
0.012355
0.978526

-8.896303
-1.424201
-2.992704

Frame 117
0.963798
-0.167605
0.207369
0.166640
0.985767
0.022243
-0.208145
0.013119
0.978010

-8.965366
-1.444852
-2.937868

Frame 118
0.962821
-0.169837
0.210073
0.168855
0.985379
0.022737
-0.210863
0.013580
0.977421

-9.047658
-1.474135
-2.886664

Frame 119
0.961911
-0.171595
0.212795
0.170412
0.985080
0.024032
-0.213744
0.013146
0.976801

-9.142435
-1.528426
-2.849394

Frame 120
0.961221
-0.173987
0.213967
0.172720
0.984660
0.024750
-0.214991
0.013166
0.976527

-9.173550
-1.567486
-2.832646

Frame 121
0.959983
-0.176022
0.217829
0.174539
0.984302
0.026187
-0.219019
0.012881
0.975636

-9.269413
-1.617660
-2.726665

Frame 122
0.958292
-0.178909
0.222861
0.177871
0.983739
0.024891
-0.223691
0.015788
0.974532

-9.404406
-1.607343
-2.615227

Frame 123
0.956605
-0.182097
0.227480
0.181393
0.983113
0.024178
-0.228042
0.018134
0.973482

-9.534416
-1.604236
-2.529090

Frame 124
0.956049
-0.184263
0.228075
0.182852
0.982756
0.027493
-0.229208
0.015419
0.973255

-9.533831
-1.705735
-2.510806

Frame 125
0.954469
-0.186488
0.232834
0.185030
0.982326
0.028286
-0.233994
0.016083
0.972105

-9.646435
-1.747680
-2.397290

Frame 126
0.953696
-0.188961
0.234005
0.187633
0.981836
0.028137
-0.235072
0.017073
0.971828

-9.674628
-1.760392
-2.378880

Frame 127
0.951576
-0.190413
0.241344
0.187876
0.981614
0.033701
-0.243324
0.013274
0.969854

-9.899647
-1.923362
-2.305361

Frame 128
0.950410
-0.191561
0.245000
0.188801
0.981394
0.034932
-0.247133
0.013056
0.968894

-10.012480
-1.965216
-2.233490

Frame 129
0.949252
-0.193364
0.248054
0.190808
0.981019
0.034542
-0.250025
0.014541
0.968130

-10.101423
-1.964166
-2.159036

Frame 130
0.948279
-0.193946
0.251300
0.190229
0.980955
0.039245
-0.254126
0.010589
0.967113

-10.202930
-2.108319
-2.115440

Frame 131
0.947141
-0.196006
0.253981
0.192523
0.980527
0.038753
-0.256631
0.012192
0.966433

-10.287495
-2.105390
-2.070166

Frame 132
0.946047
-0.197943
0.256541
0.193742
0.980161
0.041814
-0.259728
0.010144
0.965628

-10.356350
-2.205842
-2.015862

Frame 133
0.944710
-0.198619
0.260907
0.194361
0.980018
0.042296
-0.264095
0.010753
0.964437

-10.454868
-2.240116
-1.935833

Frame 134
0.942998
-0.200315
0.265760
0.195964
0.979665
0.043075
-0.268984
0.011459
0.963076

-10.588604
-2.270065
-1.878189

Frame 135
0.941926
-0.201782
0.268440
0.197618
0.979347
0.042740
-0.271520
0.012791
0.962348

-10.665565
-2.273709
-1.848905

Frame 136
0.940049
-0.203860
0.273403
0.201011
0.978824
0.038706
-0.275504
0.018572
0.961120

-10.807739
-2.179752
-1.725183

Frame 137
0.939448
-0.205556
0.274196
0.203258
0.978422
0.037093
-0.275904
0.020885
0.960958

-10.872532
-2.160390
-1.722149

Frame 138
0.937858
-0.206560
0.278848
0.204460
0.978178
0.036932
-0.280392
0.022377
0.959625

-11.067803
-2.154957
-1.686607

Frame 139
0.937107
-0.207264
0.280842
0.204876
0.978043
0.038178
-0.282589
0.021761
0.958994

-11.182456
-2.187030
-1.689463

Frame 140
0.936466
-0.207678
0.282668
0.205440
0.977936
0.037883
-0.284299
0.022596
0.958469

-11.280763
-2.180658
-1.701421

Frame 141
0.935144
-0.208917
0.286112
0.207944
0.977545
0.034141
-0.286819
0.027569
0.957588

-11.422241
-2.085713
-1.684865

Frame 142
0.934383
-0.208809
0.288666
0.207475
0.977593
0.035572
-0.289625
0.026654
0.956769

-11.538549
-2.108766
-1.680082

Frame 143
0.933603
-0.209531
0.290658
0.208704
0.977380
0.034215
-0.291253
0.028719
0.956215

-11.633594
-2.072179
-1.683009

Frame 144
0.933027
-0.210290
0.291958
0.209722
0.977183
0.033621
-0.292366
0.029861
0.955840

-11.684938
-2.058289
-1.710178

Frame 145
0.930727
-0.211856
0.298100
0.212611
0.976667
0.030290
-0.297562
0.035188
0.954054

-11.875441
-1.969107
-1.660870

Frame 146
0.929831
-0.212517
0.300419
0.213136
0.976527
0.031118
-0.299980
0.035096
0.953300

-11.972380
-1.986894
-1.674108

Frame 147
0.928405
-0.213740
0.303939
0.215156
0.976142
0.029243
-0.302938
0.038245
0.952243

-12.103481
-1.943727
-1.699890

Frame 148
0.927400
-0.215059
0.306069
0.217211
0.975739
0.027445
-0.304546
0.041029
0.951614

-12.195056
-1.895114
-1.741337

Frame 149
0.924557
-0.216768
0.313379
0.219441
0.975247
0.027179
-0.311513
0.043640
0.949239

-12.457393
-1.884888
-1.725800

Frame 150
0.923179
-0.218790
0.316025
0.221404
0.974778
0.028086
-0.314199
0.044041
0.948335

-12.562119
-1.907390
-1.745645

Frame 151
0.921714
-0.221689
0.318274
0.224850
0.974012
0.027272
-0.316048
0.046427
0.947606

-12.637003
-1.898484
-1.769127

Frame 152
0.919035
-0.224722
0.323844
0.228546
0.973167
0.026712
-0.321157
0.049464
0.945733

-12.815535
-1.894517
-1.771239

Frame 153
0.915582
-0.228417
0.330961
0.233120
0.972100
0.025995
-0.327665
0.053354
0.943286

-13.069642
-1.877006
-1.771727

Frame 154
0.914112
-0.231873
0.332618
0.237286
0.971122
0.024867
-0.328778
0.056194
0.942734

-13.155993
-1.856081
-1.818204

Frame 155
0.912438
-0.235104
0.334938
0.240750
0.970260
0.025207
-0.330903
0.057637
0.941903

-13.234780
-1.869364
-1.846129

Frame 156
0.909345
-0.238238
0.341078
0.245686
0.969102
0.021882
-0.335752
0.063900
0.939780

-13.431114
-1.789907
-1.829502

Frame 157
0.907120
-0.241416
0.344748
0.250546
0.967927
0.018559
-0.338172
0.069540
0.938512

-13.573780
-1.704877
-1.851367

Frame 158
0.906229
-0.243484
0.345637
0.252576
0.967386
0.019244
-0.339050
0.069860
0.938171

-13.639189
-1.708112
-1.904990

Frame 159
0.904332
-0.246150
0.348704
0.256673
0.966358
0.016493
-0.341033
0.074587
0.937088

-13.750107
-1.634437
-1.911801

Frame 160
0.902053
-0.249026
0.352544
0.260297
0.965398
0.015904
-0.344305
0.077419
0.935660

-13.864132
-1.615757
-1.900890

Frame 161
0.899801
-0.251982
0.356178
0.263644
0.964482
0.016300
-0.347634
0.079238
0.934276

-13.972599
-1.631884
-1.903251

Frame 162
0.896567
-0.254804
0.362273
0.268552
0.963180
0.012828
-0.352203
0.085788
0.931984

-14.164710
-1.542440
-1.877941

Frame 163
0.894249
-0.257001
0.366428
0.271781
0.962289
0.011651
-0.355603
0.089170
0.930374

-14.308012
-1.512216
-1.857916

Frame 164
0.891789
-0.259272
0.370797
0.275901
0.961148
0.008502
-0.358595
0.094721
0.928675

-14.489405
-1.412163
-1.829053

Frame 165
0.889474
-0.262266
0.374235
0.280023
0.959966
0.007197
-0.361141
0.098393
0.927306

-14.628628
-1.360057
-1.808820

Frame 166
0.887617
-0.265948
0.376042
0.282904
0.959090
0.010523
-0.363457
0.097043
0.926543

-14.718310
-1.430953
-1.812101

Frame 167
0.884653
-0.269751
0.380293
0.287858
0.957624
0.009638
-0.366778
0.100944
0.924816

-14.859237
-1.405116
-1.763842

Frame 168
0.882353
-0.273026
0.383289
0.292463
0.956244
0.007889
-0.368672
0.105137
0.923595

-14.935946
-1.357039
-1.769230

Frame 169
0.879361
-0.277146
0.387187
0.296575
0.954957
0.009984
-0.372514
0.106050
0.921947

-15.029604
-1.414190
-1.749800

Frame 170
0.876616
-0.281352
0.390367
0.300634
0.953661
0.012231
-0.375719
0.106635
0.920578

-15.093877
-1.486431
-1.715354

Frame 171
0.873330
-0.285135
0.394960
0.304311
0.952459
0.014724
-0.380381
0.107332
0.918580

-15.193183
-1.562374
-1.654081

Frame 172
0.869680
-0.288590
0.400466
0.308640
0.951059
0.015103
-0.385226
0.110465
0.916187

-15.320649
-1.586116
-1.622008

Frame 173
0.867636
-0.292342
0.402175
0.312171
0.949874
0.016999
-0.386985
0.110798
0.915405

-15.344164
-1.643828
-1.615950

Frame 174
0.864918
-0.295872
0.405434
0.315890
0.948618
0.018375
-0.390039
0.112179
0.913939

-15.394131
-1.692389
-1.560904

Frame 175
0.861616
-0.299615
0.409694
0.319939
0.947230
0.019867
-0.394027
0.113959
0.912007

-15.474864
-1.745516
-1.499958

Frame 176
0.857595
-0.303284
0.415390
0.324028
0.945802
0.021575
-0.399420
0.116095
0.909387

-15.603866
-1.794380
-1.436733

Frame 177
0.853265
-0.307846
0.420916
0.329983
0.943747
0.021301
-0.403795
0.120720
0.906850

-15.716336
-1.802586
-1.350048

Frame 178
0.849187
-0.310890
0.426883
0.332307
0.942824
0.025590
-0.410432
0.120126
0.903945

-15.830340
-1.909878
-1.259487

Frame 179
0.846530
-0.313020
0.430587
0.334374
0.942041
0.027452
-0.414223
0.120738
0.902132

-15.881753
-1.957937
-1.201255

Frame 180
0.843926
-0.315377
0.433966
0.337000
0.941072
0.028548
-0.417397
0.122154
0.900477

-15.917071
-2.000897
-1.147111

Frame 181
0.840120
-0.317335
0.439882
0.340071
0.939965
0.028606
-0.422551
0.125558
0.897600

-16.022254
-2.016696
-1.051023

Frame 182
0.837389
-0.319403
0.443578
0.343021
0.938895
0.028505
-0.425577
0.128287
0.895782

-16.083342
-2.022804
-0.997270

Frame 183
0.834225
-0.322195
0.447504
0.345681
0.937846
0.030824
-0.429620
0.128980
0.893751

-16.165683
-2.090995
-0.931518

Frame 184
0.833445
-0.325029
0.446906
0.348515
0.936779
0.031354
-0.428843
0.129622
0.894031

-16.119661
-2.117222
-0.933522

Frame 185
0.828158
-0.327923
0.454556
0.354320
0.934682
0.028755
-0.434295
0.137245
0.890254

-16.280507
-2.053942
-0.792418

Frame 186
0.823290
-0.330528
0.461459
0.355658
0.933981
0.034450
-0.442381
0.135759
0.886492

-16.400409
-2.192077
-0.652623

Frame 187
0.816972
-0.333213
0.470665
0.360783
0.932044
0.033611
-0.449880
0.142349
0.881672

-16.604147
-2.173510
-0.492722

Frame 188
0.818138
-0.336752
0.466099
0.359577
0.932156
0.042312
-0.448726
0.132982
0.883720

-16.428800
-2.393967
-0.601865

Frame 189
0.817738
-0.338212
0.465744
0.360231
0.931816
0.044181
-0.448931
0.131647
0.883816

-16.375485
-2.406364
-0.605285

Frame 190
0.812619
-0.339806
0.473479
0.363276
0.930623
0.044407
-0.455720
0.135917
0.879685

-16.516447
-2.401361
-0.376592

Frame 191
0.797143
-0.343064
0.496859
0.373457
0.926753
0.040729
-0.474439
0.153089
0.866875

-17.064427
-2.320814
0.116107

Frame 192
0.791122
-0.346260
0.504213
0.377595
0.924983
0.042762
-0.481195
0.156558
0.862520

-17.191969
-2.377896
0.274669

Frame 193
0.784565
-0.350904
0.511199
0.382084
0.922925
0.047121
-0.488334
0.158351
0.858170

-17.338111
-2.482040
0.452770

Frame 194
0.779017
-0.355619
0.516398
0.387829
0.920439
0.048801
-0.492667
0.162257
0.854957

-17.460152
-2.524247
0.555679

Frame 195
0.774088
-0.360739
0.520245
0.392128
0.918363
0.053336
-0.497015
0.162716
0.852350

-17.559555
-2.631289
0.645606

Frame 196
0.766392
-0.365565
0.528210
0.398475
0.915502
0.055445
-0.503846
0.167986
0.847302

-17.786029
-2.702788
0.791016

Frame 197
0.760524
-0.370908
0.532945
0.402998
0.913201
0.060465
-0.509113
0.168791
0.843987

-17.920700
-2.831425
0.929501

Frame 198
0.757158
-0.375746
0.534347
0.407761
0.910929
0.062765
-0.510336
0.170363
0.842932

-17.952948
-2.896556
1.009188

Frame 199
0.752803
-0.380848
0.536882
0.410504
0.909216
0.069370
-0.514561
0.168170
0.840801

-17.984180
-3.064404
1.119642

Frame 200
0.743520
-0.384341
0.547229
0.416327
0.906441
0.070966
-0.523306
0.175061
0.833969

-18.207556
-3.119548
1.386195

Frame 201
0.737335
-0.388202
0.552844
0.418895
0.904793
0.076652
-0.529966
0.175065
0.829752

-18.314903
-3.270759
1.547872

Frame 202
0.730844
-0.391951
0.558786
0.423355
0.902485
0.079321
-0.535386
0.178594
0.825510

-18.457703
-3.345907
1.695252

Frame 203
0.725706
-0.395513
0.562957
0.427297
0.900406
0.081766
-0.539229
0.181212
0.822432

-18.555630
-3.411850
1.810259

Frame 204
0.721476
-0.398834
0.566042
0.429283
0.899037
0.086300
-0.543312
0.180729
0.819847

-18.622670
-3.534766
1.929329

Frame 205
0.716585
-0.401605
0.570280
0.431842
0.897506
0.089415
-0.547739
0.182197
0.816570

-18.718789
-3.630428
2.062926

Frame 206
0.711336
-0.403525
0.575472
0.435734
0.895624
0.089410
-0.551486
0.187153
0.812919

-18.833284
-3.644173
2.192629

Frame 207
0.707734
-0.406434
0.577862
0.436588
0.894679
0.094555
-0.555431
0.185367
0.810639

-18.855603
-3.770438
2.317669

Frame 208
0.702100
-0.407962
0.583628
0.437578
0.893784
0.098362
-0.561766
0.186323
0.806042

-18.974638
-3.860423
2.504968

Frame 209
0.696093
-0.408597
0.590342
0.439638
0.892653
0.099444
-0.567603
0.190315
0.801004

-19.131247
-3.888185
2.676892

Frame 210
0.692472
-0.410774
0.593083
0.440568
0.891762
0.103243
-0.571299
0.189801
0.798494

-19.203320
-3.979526
2.767315

Frame 211
0.689793
-0.412330
0.595122
0.441274
0.891099
0.105928
-0.573989
0.189544
0.796624

-19.254603
-4.042679
2.859063

Frame 212
0.685132
-0.412744
0.600197
0.442380
0.890384
0.107317
-0.578701
0.191989
0.792620

-19.401953
-4.079786
2.997359

Frame 213
0.682938
-0.414377
0.601571
0.443697
0.889521
0.109014
-0.580283
0.192465
0.791346

-19.447164
-4.126470
3.067121

Frame 214
0.679728
-0.415475
0.604442
0.444485
0.888866
0.111131
-0.583440
0.193127
0.788860

-19.509465
-4.192878
3.192836

Frame 215
0.675485
-0.416017
0.608811
0.446393
0.887872
0.111427
-0.586901
0.196502
0.785451

-19.613754
-4.214814
3.329242

Frame 216
0.671713
-0.417209
0.612159
0.447670
0.886992
0.113297
-0.590249
0.197942
0.782576

-19.696093
-4.270690
3.422044

Frame 217
0.668779
-0.418687
0.614358
0.448748
0.886172
0.115430
-0.592756
0.198494
0.780539

-19.748766
-4.334926
3.492801

Frame 218
0.665500
-0.420148
0.616916
0.450420
0.885128
0.116920
-0.595173
0.200061
0.778296

-19.803330
-4.388601
3.577678

Frame 219
0.661950
-0.421652
0.619704
0.451551
0.884233
0.119306
-0.598268
0.200853
0.775715

-19.861201
-4.457228
3.671851

Frame 220
0.658024
-0.423037
0.622932
0.453173
0.883164
0.121060
-0.601364
0.202635
0.772852

-19.934231
-4.512445
3.766107

Frame 221
0.654769
-0.424641
0.625266
0.454584
0.882160
0.123075
-0.603847
0.203650
0.770646

-19.990122
-4.576553
3.838162

Frame 222
0.651722
-0.426097
0.627455
0.455807
0.881255
0.125014
-0.606216
0.204524
0.768552

-20.038470
-4.636577
3.920054

Frame 223
0.649043
-0.427335
0.629387
0.456572
0.880569
0.127048
-0.608510
0.204900
0.766636

-20.081890
-4.698598
3.987328

Frame 224
0.645613
-0.428289
0.632259
0.457810
0.879723
0.128441
-0.611223
0.206532
0.764036

-20.146333
-4.744042
4.075736

Frame 225
0.643170
-0.429778
0.633738
0.458585
0.878988
0.130688
-0.613214
0.206568
0.762429

-20.174378
-4.809929
4.131464

Frame 226
0.639082
-0.430539
0.637346
0.459813
0.878131
0.132128
-0.616560
0.208619
0.759165

-20.253513
-4.851528
4.235570

Frame 227
0.636789
-0.432187
0.638525
0.460275
0.877468
0.134893
-0.618585
0.207998
0.757687

-20.269990
-4.922726
4.285437

Frame 228
0.633153
-0.433230
0.641427
0.461258
0.876657
0.136799
-0.621577
0.209249
0.754889

-20.322512
-4.976154
4.376856

Frame 229
0.629596
-0.434113
0.644325
0.462236
0.875881
0.138455
-0.624458
0.210660
0.752114

-20.371614
-5.021899
4.460697

Frame 230
0.626145
-0.434718
0.647273
0.463277
0.875148
0.139608
-0.627150
0.212452
0.749364

-20.431914
-5.053666
4.530890

Frame 231
0.623273
-0.435219
0.649703
0.463982
0.874590
0.140758
-0.629485
0.213720
0.747043

-20.490449
-5.090317
4.577858

Frame 232
0.621862
-0.436143
0.650436
0.464725
0.874033
0.141765
-0.630332
0.214115
0.746214

-20.502236
-5.118684
4.581719

Frame 233
0.619653
-0.436501
0.652301
0.465195
0.873631
0.142696
-0.632158
0.215025
0.744406

-20.520312
-5.148907
4.647139

Frame 234
0.616612
-0.436207
0.655372
0.465653
0.873312
0.143152
-0.634788
0.216907
0.741616

-20.559199
-5.158776
4.741784

Frame 235
0.612745
-0.437280
0.658278
0.466175
0.872608
0.145725
-0.638141
0.217581
0.738535

-20.598977
-5.217858
4.816006

Frame 236
0.611497
-0.437493
0.659296
0.466019
0.872519
0.146750
-0.639451
0.217507
0.737424

-20.623753
-5.218700
4.817558

Frame 237
0.608300
-0.438522
0.661566
0.468442
0.871219
0.146765
-0.640728
0.220628
0.735385

-20.683924
-5.236680
4.833764

Frame 238
0.610406
-0.439803
0.658770
0.467202
0.871517
0.148933
-0.639630
0.216869
0.737456

-20.584473
-5.289509
4.759795

Frame 239
0.605129
-0.439402
0.663887
0.469480
0.870422
0.148171
-0.642968
0.222019
0.733007

-20.686553
-5.279076
4.841330

